1770249974164 1.7806503772735596 0
1770250002892 1.6605543971061707 1
1770250007133 1.599473237991333 10
1770250035359 1.6276992678642273 2
1770250039638 1.6333692073822021 20
1770250067811 1.6518846511840821 3
1770250072221 1.6451551914215088 30
1770250100537 1.6665368795394897 4
1770250104830 1.5105972290039062 40
1770250133051 1.615771973133087 5
1770250137328 1.8440742492675781 50
1770250165612 1.695913052558899 6
1770250169878 1.5928876399993896 60
1770250198282 1.5900273323059082 7
1770250202597 1.6155486106872559 70
1770250230832 1.654175066947937 8
1770250235121 1.3600903749465942 80
1770250263562 1.5606613636016846 9
1770250267858 1.4958645105361938 90
1770250296161 1.5306782126426697 10
1770250300612 1.4030791521072388 100
1770250328839 1.5187584638595581 11
1770250333157 1.3808339834213257 110
1770250361370 1.4349648356437683 12
