1770247649813 6.000000000000001e-07 0
1770247657274 6.6e-06 10
1770247664807 1.26e-05 20
1770247672333 1.86e-05 30
1770247750381 2.4599999999999998e-05 40
1770247757877 2.997391304347826e-05 50
1770247765397 2.971304347826087e-05 60
1770247772804 2.9452173913043477e-05 70
1770247850245 2.9191304347826088e-05 80
1770247857663 2.89304347826087e-05 90
1770247865220 2.8669565217391306e-05 100
1770247872669 2.8408695652173917e-05 110
1770247950222 2.814782608695652e-05 120
1770247957800 2.788695652173913e-05 130
1770247965215 2.762608695652174e-05 140
1770247973036 2.736521739130435e-05 150
1770248052438 2.7104347826086957e-05 160
1770248075522 2.6843478260869567e-05 170
1770248098675 2.658260869565217e-05 180
1770248123255 2.6321739130434782e-05 190
1770248214880 2.6060869565217393e-05 200
1770248239434 2.58e-05 210
1770248262157 2.553913043478261e-05 220
1770248286031 2.527826086956522e-05 230
