1770247649811 1.6442124843597412 0
1770247657274 1.5805537700653076 10
1770247664806 1.6046632528305054 20
1770247672332 1.6222509145736694 30
1770247737719 1.6098119020462036 1
1770247750379 1.599809169769287 40
1770247757876 1.6308989524841309 50
1770247765397 1.6323760747909546 60
1770247772803 1.5901559591293335 70
1770247837843 1.6147662550210953 2
1770247850243 1.6084668636322021 80
1770247857663 1.6163551807403564 90
1770247865219 1.6409730911254883 100
1770247872669 1.584520697593689 110
1770247937711 1.6108381807804109 3
1770247950220 1.6171009540557861 120
1770247957799 1.5940532684326172 130
1770247965214 1.5966345071792603 140
1770247973035 1.6023281812667847 150
1770248038163 1.6098363786935805 4
1770248052436 1.6105796098709106 160
1770248075521 1.6387794017791748 170
1770248098673 1.6282159090042114 180
1770248123253 1.6138914823532104 190
1770248200742 1.6117944359779357 5
1770248214878 1.586690902709961 200
1770248239432 1.626294493675232 210
1770248262155 1.6276503801345825 220
1770248286029 1.6259360313415527 230
1770248363583 1.6110517054796218 6
