1770250930943 2.5e-05 0
1770250932887 0.000275 10
1770250935472 0.0004996621621621622 20
1770250937468 0.0004962837837837838 30
1770250939317 0.0004929054054054054 40
1770250941300 0.000489527027027027 50
1770250943297 0.0004861486486486487 60
1770250945176 0.00048277027027027024 70
1770250947176 0.0004793918918918919 80
1770250949151 0.0004760135135135135 90
1770250951001 0.00047263513513513513 100
1770250953017 0.0004692567567567568 110
1770250954992 0.00046587837837837835 120
1770250956850 0.0004625 130
1770250958848 0.00045912162162162163 140
1770250960827 0.00045574324324324325 150
1770250962725 0.0004523648648648649 160
1770250964700 0.00044898648648648647 170
1770250966682 0.0004456081081081081 180
1770250968577 0.00044222972972972975 190
1770250970578 0.00043885135135135136 200
1770250972598 0.000435472972972973 210
1770250974445 0.0004320945945945946 220
1770250976424 0.0004287162162162162 230
1770250978450 0.00042533783783783787 240
1770250980340 0.0004219594594594595 250
1770250982333 0.0004185810810810811 260
1770250984340 0.0004152027027027027 270
1770250986189 0.0004118243243243243 280
1770250988181 0.000408445945945946 290
1770250990158 0.0004050675675675676 300
1770250992012 0.00040168918918918916 310
