1770250934347 0.16985138004246284 1
1770250937277 0.21443736730360935 2
1770250940183 0.2059447983014862 3
1770250943105 0.25477707006369427 4
1770250946036 0.21231422505307856 5
1770250948963 0.23991507430997877 6
1770250951893 0.2484076433121019 7
1770250954803 0.26963906581740976 8
1770250957725 0.2356687898089172 9
1770250960634 0.2356687898089172 10
1770250963588 0.2526539278131635 11
1770250966486 0.29936305732484075 12
1770250969464 0.2823779193205945 13
1770250972376 0.267515923566879 14
1770250975309 0.3078556263269639 15
1770250978258 0.3099787685774947 16
1770250981204 0.25690021231422505 17
1770250984124 0.2760084925690021 18
1770250987059 0.3078556263269639 19
1770250989970 0.2908704883227176 20
1770250992962 0.28662420382165604 21
