1770250930942 1.7181957960128784 0
1770250932887 1.7273375988006592 10
1770250934347 1.8483577569325764 1
1770250935471 1.881622314453125 20
1770250937277 1.8559957901636759 2
1770250937467 1.9353523254394531 30
1770250939317 1.710578441619873 40
1770250940183 1.8277763684590658 3
1770250941299 1.574019432067871 50
1770250943105 1.6943665186564127 4
1770250943297 1.8228602409362793 60
1770250945175 1.725091814994812 70
1770250946036 1.8092718521753948 5
1770250947175 1.6313815116882324 80
1770250948963 1.7357982635498046 6
1770250949150 1.86062490940094 90
1770250951000 1.5785150527954102 100
1770250951893 1.696689788500468 7
1770250953017 1.6872458457946777 110
1770250954803 1.6246569951375325 8
1770250954991 1.4763296842575073 120
1770250956850 1.796337604522705 130
1770250957725 1.683147708574931 9
1770250958847 1.6446566581726074 140
1770250960634 1.6406999905904134 10
1770250960826 1.6127676963806152 150
1770250962724 1.5991777181625366 160
1770250963588 1.6453431288401286 11
1770250964699 1.5704103708267212 170
1770250966486 1.622736382484436 12
1770250966681 1.778486967086792 180
1770250968576 1.4887794256210327 190
1770250969464 1.6374532540639242 13
1770250970577 1.5633659362792969 200
1770250972376 1.6459278027216593 14
1770250972597 1.5129060745239258 210
1770250974444 1.791123628616333 220
1770250975309 1.5836495876312255 15
1770250976423 1.4040911197662354 230
1770250978258 1.558870498339335 16
1770250978450 1.7618082761764526 240
1770250980339 1.4627010822296143 250
1770250981204 1.6285269498825072 17
1770250982332 1.4750394821166992 260
1770250984124 1.63894468943278 18
1770250984339 1.5138596296310425 270
1770250986188 1.545820713043213 280
1770250987059 1.5528615554173788 19
1770250988180 1.5874953269958496 290
1770250989970 1.5562050660451254 20
1770250990158 1.6118026971817017 300
1770250992011 1.5771276950836182 310
1770250992962 1.5841264406840005 21
